9653
8536
9275
10158
10593
10701
12561
12729
10517
10656
8648
9544
9067
8098
9044
8882
9812
10343
12183
11819
10252
9920
9517
10394
9352
8799
9666
11025
10465
10366
12968
12148
11079
10394
10338
10583
9437
9079
10308
10229
11046
11650
12422
12800
10833
10959
10314
10563
9001
8457
11140
10296
11138
11301
12503
13384
10675
11123
10936
10897
10020
9754
11489
11411
12252
12682
14249
14794
12761
13065
12403
12454
11257
11024
11944
11778
12762
12675
14683
14131
12685
12745
11305
11643
11626
11217
12728
13211
13241
13602
15351
14167
12804
13000
11651
12959
11975
11305
13220
13054
12441
13589
14707
14336
12848
12754
12264
12623
11117
10700
12772
11653
12740
13796
14658
13944
12793
13165
12618
12308
11811
10643
12537
12609
13557
14172
15082
14801
13318
13068
12230
12206
11097
10822
11714
11479
12365
13336
13373
12610
11668
12290
10957
11413
10163
10057
10856
11093
12399
13270
13925
12160
11338
11271
10145
10574
12324
11504
12942
12688
13129
12943
12534
11797
11610
12293
11760
12030
10844
10543
12618
11590
12916
13127
14296
12783
12145
12299
11892
11291
10798
10616
11088
11295
11319
11630
12553
11431
10681
11408
10555
10673
9839
9637
11222
10348
11084
11612
12264
10948
10092
10415
9852
10367
9338
8834
9797
9561
10587
11029
11780
10443
10125
11001
10514
9814
9401
9145
9048
9364
10237
10160
11144
9828
10305
10456
9321
9278
9465
8563
9919
9090
9962
10470
10756
10095
10023
10182
9718
9550
9847
9235
9846
10218
10505
10790
11778
10294
10880
11339
11043
10625
10159
9906
10847
10580
10812
11052
11413
10438
10804
11165
10737
10407
10446
9580
11287
10326
12473
12329
12933
11193
11526
11557
11490
11004
11346
10866
11177
11179
12110
12925
13213
11632
11993
12472
12129
11158
10881
10144
11922
11842
11874
13077
13028
11312
11522
12271
11907
11212
11468
10255
11011
11465
11873
12746
13335
11649
11682
12774
11157
11000
11073
10693
11996
11104
12625
12482
13351
11406
11216
12546
11667
10954